1.183
2.74
3.12
4.99
5.12
6.3
7.141
8.6
9.13
10.5
11.0
12.8
13.75
14.0
15.6
16.72
17.32
18.47
19.-27
20.32
21.-66
22.134
23.2
24.120
25.135
26.107
27.42
28.297
29.156
30.27
31.44
32.98
33.56
34.14
35.94
36.3
37.129
38.64
39.114
40.40
41.4
42.1
43.75
44.117
45.5
46.42
47.68
48.3
49.78
50.56
51.-18
52.109
53.2
54.7
55.78
56.90
57.132
58.4
59.59
60.0
61.86
62.0
63.-13
64.8
65.2
66.1540
67.45
68.0
69.14
70.2
71.77
72.-63
73.105
74.52
75.83
76.24
77.196
78.6
79.-10
80.5
81.80
82.100
83.90
84.11
85.99
86.43
87.99
88.-69
89.167
90.137
91.51
92.6
93.2832
94.73
95.77
96.24
97.24
98.47
99.3
100.-51
101.6
102.89
103.0
104.3
105.1
106.20
107.34
108.93
109.85
110.4
111.53
112.132
113.9
114.1032
115.87
116.109
117.61
118.6
119.129
120.103
121.74
122.49
123.168
124.25
125.17
126.61
127.4
128.4
129.13
130.77
131.6
132.188
133.3
134.32
135.98
136.144
137.4
138.101
139.84
140.52
141.20
142.1178
143.120
144.186
145.177
146.3
147.5
148.1596
149.40
150.108
151.4268
152.53
153.0
154.52
155.6
156.6
157.69
158.63
159.4
160.77
161.94
162.4
163.3
164.0
165.116
166.462
167.132
168.770
169.10
170.3
171.154
172.69
173.64
174.115
175.4
176.5
177.17
178.102
179.58
180.88
181.150
182.6
183.16
184.6
185.67
186.-52
187.49
188.48
189.0
190.1
191.91
192.1
193.1800
194.-43
195.48
196.90
197.20
198.5
199.0
200.83
201.171
202.76
203.105
204.221
205.-28
206.944
207.94
208.1518
209.0
210.52
211.38
212.7
213.2
214.2
215.-28
216.9
217.18
218.67
219.2
220.89
221.0
222.55
223.33
224.1
225.143
226.5
227.104
228.140
229.13260
230.126
231.48
232.36
233.0
234.-34
235.26
236.72
237.34
238.38
239.1
240.126
241.29
242.120
243.174
244.11
245.75
246.130
247.66
248.170
249.18
250.114
251.3
252.17
253.-48
254.138
255.48
256.25
257.5
258.4
259.112
260.26
261.6
262.66
263.75
264.6
265.135
266.5
267.75
268.56
269.1008
270.28
271.2
272.33
273.57
274.105
275.4
276.67
277.4
278.171
279.154
280.0
281.41
282.66
283.18
284.119
285.128
286.0
287.55
288.82
289.94
290.106
291.0
292.40
293.32
294.66
295.54
296.84
297.68
298.66
299.145
300.50
